0 0.032292 0.487963 0.022917 0.033333
0 0.568490 0.689815 0.013021 0.025926
0 0.544010 0.800000 0.014063 0.033333
0 0.285938 0.640741 0.018750 0.037037
0 0.284635 0.901852 0.017188 0.031481
0 0.508854 0.589352 0.014583 0.028704
0 0.527604 0.918519 0.014583 0.031481
0 0.312760 0.519907 0.011979 0.021296
0 0.135417 0.830556 0.014583 0.024074
0 0.402865 0.710185 0.014063 0.027778
0 0.327344 0.227315 0.010937 0.021296
0 0.291406 0.263426 0.013021 0.017593
0 0.106510 0.068981 0.021354 0.030556
0 0.553646 0.447222 0.010417 0.018519
0 0.664062 0.973148 0.012500 0.025926
0 0.307552 0.918519 0.013021 0.025926
0 0.687240 0.858333 0.008854 0.020370
0 0.410677 0.747685 0.009896 0.021296
0 0.468490 0.503704 0.006771 0.011111
0 0.838542 0.975463 0.012500 0.021296
0 0.777083 0.760648 0.008333 0.023148
0 0.577344 0.284722 0.010937 0.015741
0 0.526042 0.336111 0.010417 0.016667
0 0.389583 0.159722 0.008333 0.017593
